[[       inf 4.30726606 0.17531917 4.99580618 6.96420712        inf
         inf        inf 7.73846677 3.78043355]
 [       inf 5.70637712 5.38070497 9.91205291 4.27843288        inf
         inf        inf 8.4119662  7.98814079]
 [       inf 4.27194548 4.39348137 9.47179809 7.31539005        inf
         inf        inf 0.91125607 4.9648116 ]
 [       inf 5.52576944 4.65091632 9.13843439 7.50009995 7.12025034
  1.63156929 9.54240048 0.03862754 2.2551666 ]
 [       inf 3.63087394 6.22311419 8.75058354 0.54667507 9.40332639
  3.25419775 7.16814728 7.12710159 6.04043926]
 [       inf        inf        inf        inf        inf        inf
  1.6249629  8.84192456        inf 8.89657139]
 [5.75950896 4.69531277 9.63174409 3.82251942 6.3299082         inf
  2.92021631 1.30633932        inf 5.30633875]
 [0.56004881 3.76158192 5.18855586        inf 6.70521981        inf
  4.05714729 3.53638389        inf 8.51419577]
 [3.86315786 9.26562104 7.63144335        inf 7.77970612 7.0895049
  6.66699842 6.83808027        inf 8.87982585]
 [0.9487853  1.1589472  6.75165696 7.00837926 6.30965258 9.94816228
  9.50459819 7.54091384        inf 9.33491495]]